CPU: 1.56619 Flow: 6740
CPU: 0.03106 Flow: 159
CPU: 0.637496 Flow: 3193
